[manual]
lat=-16.7485496
lon=-43.8816479
